pedigree H0(0.0)    0.0        0.25       0.5        0.547824
1	 -14.571021 -14.571021 -13.976540 -13.947142 -14.000704
2        -36.053713 -36.053713 -33.507101 -32.278364 -32.089103
3        -42.543684 -42.543684 -42.524543 -42.949210 -43.048406
4        -22.371781 -22.371781 -23.711081 -25.843235 -26.382603
5        -14.784605 -14.784605 -14.243736 -15.026048 -15.301794
6        -16.589288 -16.589288 -15.366200 -14.552932 -14.425285
7        -17.053364 -17.053364 -16.106695 -15.716775 -15.708037
8        -12.334806 -12.334806 -12.652468 -14.017889 -14.410777
9         -4.040945  -4.040945  -4.334180  -5.033988  -5.216918
10       -17.274505 -17.274505 -17.686661 -18.658107 -18.923429
ped11    -20.655283 -20.655283 -18.970379 -18.255366 -18.165237
ped12     -6.396721  -6.396721  -5.641636  -5.516511  -5.547768
ped13    -14.046281 -14.046281 -14.955922 -16.200899 -16.502320
ped14    -31.876677 -31.876677 -34.292162 -37.092688 -37.706655
ped15    -21.004423 -21.004423 -20.779725 -20.600293 -20.575726
ped16    -11.438942 -11.438942 -10.596445  -9.926502  -9.820651
ped17    -16.119489 -16.119489 -15.816796 -15.763794 -15.770420
ped18     -8.545013  -8.545013  -8.201118  -8.266424  -8.315961
ped19    -15.906046 -15.906046 -16.058611 -16.553366 -16.701089
ped20    -16.704263 -16.704263 -15.889676 -15.244580 -15.113708
